(1,1669)
(2,2552)
(3,2767)
(4,2960)
(5,3025)
(6,2929)
(7,3042)
(8,3031)
(9,2956)
(10,2971)
(11,2976)
(12,2481)
(13,2872)
(14,777)
(15,2261)
(16,2750)
(17,2804)
(18,2707)
(19,2776)
(20,2870)
(21,2931)
(22,3026)
(23,3044)
(24,2982)
(25,2967)
(26,3082)
(27,3052)
(28,2984)
(29,2971)
(30,3018)
(31,3007)
(32,2988)
(33,3081)
(34,3022)
(35,3034)
(36,3081)
(37,2416)
(38,2701)
(39,2575)
(40,2727)
(41,2168)
(42,1368)
(43,2775)
(44,2674)
(45,2799)
(46,2728)
(47,2812)
(48,2757)
(49,2747)
(50,2690)
(51,2816)
(52,2715)
(53,2667)
(54,2638)
(55,2777)
(56,2874)
(57,2770)
(58,2856)
(59,2765)
(60,2704)
