(1,1819)
(2,2532)
(3,2444)
(4,2383)
(5,2433)
(6,2629)
(7,1755)
(8,422)
(9,1965)
(10,2474)
(11,2449)
(12,2535)
(13,2455)
(14,2343)
(15,2472)
(16,2488)
(17,2409)
(18,2459)
(19,2467)
(20,2241)
(21,2449)
(22,2530)
(23,2319)
(24,2435)
(25,2322)
(26,1169)
(27,1871)
(28,2377)
(29,2428)
(30,1274)
(31,1521)
(32,2369)
(33,2113)
(34,2365)
(35,2293)
(36,2448)
(37,2391)
(38,2121)
(39,2330)
(40,2260)
(41,2197)
(42,1983)
(43,2431)
(44,2460)
(45,2298)
(46,1180)
(47,2472)
(48,2476)
(49,2639)
(50,2412)
(51,2180)
(52,2376)
(53,2328)
(54,2319)
(55,1839)
(56,2288)
(57,2235)
(58,2512)
(59,1918)
(60,2319)

